55 53 51 48 45 43 41
55 52 49 46 43 42      
86 87 90 91 94
71 68 65 64 62 59 57 54
46 48 50 52 54 57 60 63
24 23 22 20 19
51 52 53 54 57 58 61 62
35 32 30 28 27 26 25 24
69 67 65 63 61 59 58 57
82 80 79 76 74
23 22 20 18 15 12 10
64 63 61 58 55 53 51 50
50 47 45 44 42 39 36
56 59 60 63 66 68 71
15 18 19 21 22
50 52 55 57 59 62 65
75 73 72 71 68
66 69 71 74 77
28 26 25 23 22 20 19
71 72 75 78 80 83
82 80 79 77 76 75 72
43 45 48 50 51
87 89 92 95 96 99
40 39 38 37 34 32
36 37 40 41 43 46
58 56 55 52 49 46 43 41
82 81 78 76 75
46 45 43 42 41
73 76 77 79 82 83 84
82 85 86 89 91 93
38 35 33 31 29 28
55 54 53 51 48 47 46 44
20 22 24 26 29
85 88 91 92 93
31 28 27 25 23 22 20 19
75 76 78 80 81 84
86 85 82 79 77 74
67 65 62 61 58 56 55
56 55 53 51 48 46
62 59 57 55 52 50 49
51 53 55 57 58 61
30 31 34 36 37 39
56 53 50 47 45 43 41 38
58 61 64 67 69 72
80 78 76 74 71 70 69
62 61 60 57 54 52
89 87 85 82 80 79 78
89 87 85 82 81
61 60 57 55 53 52 50
79 81 82 83 84 85 87
93 91 89 88 87 84
33 36 39 41 43
59 62 64 67 70 73 76 78
77 79 81 82 85
21 18 15 12 11
19 22 25 26 28 29 30 31
15 18 20 22 25 28 29 32
39 38 36 35 33 32
55 56 58 59 60 61 62 63
60 61 63 64 66 67 70
86 87 90 93 95
30 31 32 34 37 39 40
56 55 53 50 47
52 50 48 45 44 42 41 38
13 16 19 20 22 25
39 40 41 43 44 45
39 38 36 35 33
34 35 38 41 44 47 49 51
86 87 89 92 93 95
9 6 5 3 1
98 97 94 93 90
32 29 28 25 23 22
72 74 75 77 78 81
30 31 33 34 37 39
83 86 88 89 90
50 52 53 54 57
11 12 13 16 17 20 23 26
25 24 23 22 21 19 17
58 59 62 65 68 71 73
30 31 32 34 36 39 42
22 25 27 29 31
41 39 37 35 34 31
38 39 40 43 46 48 51
66 63 60 58 56 54 53 51
73 70 68 65 63 61
75 76 79 82 84 85 87 90
59 56 53 50 48 45 42 40
29 26 24 22 19 18 17
50 48 46 43 40 38 37
77 80 81 83 85 88 91 93
18 20 23 24 27 29 30 31
85 88 90 92 93 96
36 34 32 30 28
47 46 43 41 40 38 37 36
56 55 52 51 50 48 46
27 30 33 34 36 38 39 40
24 21 19 16 15
59 62 64 67 69 72
69 67 66 65 62 59 58 57
42 40 39 38 36 33 30 29
64 67 69 72 74 77 79 82
38 35 34 31 28 25 23 20
54 57 58 60 62 65
64 67 68 70 72 75
72 69 67 65 62 59 57
53 50 47 44 41 39 36
44 45 47 48 49 50 51 54
54 57 59 60 63 65 68 71
72 73 74 77 78 79 82 84
42 39 38 36 33
64 66 68 70 71
25 28 31 34 36 39 41 44
95 92 90 89 87
31 33 36 37 39 41 42
13 16 18 21 22 24
65 64 62 60 58 56
46 44 43 40 39 38 36 35
73 75 77 79 80 83 85
22 19 18 15 14 11
36 39 42 44 45 48 49
64 67 68 69 71 74
97 94 93 90 88
72 71 69 67 66
39 36 33 31 28 27 24
35 38 41 44 47 48
45 42 40 37 34 31 28
23 22 19 17 15 13 12 10
85 84 81 78 76 73 70 67
26 24 21 19 17 15
80 83 85 87 89
83 84 85 87 89 92 95
75 72 70 69 68 66
78 80 81 82 83 85 88
42 40 37 34 32 29 28
34 31 29 26 23 21 18 15
42 41 38 36 35 33 30 29
63 66 68 70 71
41 39 38 35 32 31
62 63 65 67 70
61 58 57 55 52 49 48
70 73 75 78 81 82 85
2 5 7 8 9
43 41 38 37 35 32
51 50 49 46 45 43
60 57 55 54 51 50
81 82 85 86 87
71 69 68 66 65 62 59
39 42 45 47 48 50 51
76 74 71 70 67
33 34 36 39 42 45 46
62 64 66 68 70 73 76 78
83 81 79 76 74
47 49 52 54 56
85 84 83 82 79 77 74
65 63 61 60 57
75 77 80 83 85
49 51 52 53 54 57 58 61
97 96 95 94 92
28 27 25 23 20
22 23 24 26 29 30 32
55 57 59 60 63 64
87 88 91 94 95 96 98
49 50 52 55 57 60 62
67 70 72 75 77
71 73 76 78 80 83 84
19 21 24 25 28 30
23 25 28 29 30 33
24 25 27 29 31
45 42 40 37 34 32
47 49 52 53 54 56 59
52 55 56 58 60
87 89 92 93 94 96 97 99
25 26 29 30 32
19 22 25 27 29 32 33 34
10 13 15 16 19 22 23
58 55 53 51 50
46 44 43 40 39 36 33
35 37 40 43 46 47 49
56 57 60 63 64 66 68
86 88 91 93 95 98
78 76 75 73 70 68 65
13 16 19 21 22 25 27 28
78 80 82 85 88 89 90
35 38 40 41 42 43 46
84 82 81 80 77
39 38 37 35 32
93 90 88 87 84 82
92 90 87 86 83 80 79
54 52 49 48 46 43
62 65 68 69 71 73
85 86 89 91 93 94
31 33 34 37 39
77 80 82 84 85 87
32 30 29 26 25
28 30 31 32 35 36 37
31 33 36 39 42
43 40 37 36 34 33 32 29
30 27 25 23 21
95 93 91 89 88 86 83
83 81 80 78 76 73
48 50 53 54 56 57 58 61
55 52 50 47 44
64 65 68 70 71 72 74
83 82 81 79 78 75 72 70
13 16 17 19 21 23
86 87 90 92 93 96
56 57 59 61 62 63 64
17 19 21 24 26 28
52 54 55 58 59
11 12 15 18 21 23 26
44 43 40 38 36
71 74 77 79 80
75 72 71 69 67 64
29 31 33 35 36
23 22 20 17 16
27 30 31 32 35 37 38 39
52 54 56 58 61
57 54 53 50 47 44 42 40
52 51 48 45 42
63 64 66 69 71
87 86 83 80 79
58 55 53 52 51 50 48
20 22 25 28 30
85 86 88 91 92
98 97 94 93 90 88
46 45 42 41 38 35 32 30
49 48 46 44 43 40
30 33 34 35 38 39
96 95 92 89 87
43 41 39 37 35
26 24 22 21 18 16
60 58 57 56 54 52 49 46
99 98 96 93 91 90
60 63 65 66 67 69 70 73
70 73 75 77 78 79 80 81
49 50 52 55 57 59 62
15 18 19 21 24 25 28
57 56 53 51 48
63 65 68 70 73 75
86 83 81 78 77 74
41 43 46 47 50
55 57 58 59 61 63
90 89 88 86 84
14 17 20 21 23 26 29
89 87 86 84 82 80 78
52 55 58 60 63 66
36 39 40 43 44 46 49
23 24 27 28 30 33 36
62 64 67 70 72 74
34 36 38 39 40 43 44 46
73 70 68 67 66 65 64 61
40 37 35 33 31
31 29 28 27 26 23 22
68 70 72 74 76 79 82 83
23 26 29 31 32 35
93 91 89 88 87
17 20 23 24 27 28 30
47 48 51 53 54
34 35 38 39 40 42
68 65 64 62 60 59
67 64 62 61 59 57
73 76 78 79 80 82
44 43 40 38 35 34 31
57 54 52 51 48 45 43 41
20 21 23 24 25 28 29
49 48 45 44 42 39
90 87 85 83 82 81 80 79
30 32 34 35 36 37 38 40
70 67 64 61 58 55
80 78 76 74 72 70 69
75 74 72 70 68 66
61 58 56 53 51 50
33 36 38 41 42 44 47
27 28 29 31 33 36 37
15 16 18 20 22
55 53 52 51 50
82 83 85 86 89 92 94
77 75 72 69 67 64 61
76 78 80 82 85
96 94 93 92 90 88 87
49 50 52 54 55 58 60
17 18 19 22 25 28 29
73 75 77 80 82 84
54 53 50 48 46
59 60 62 63 66 68 71 74
46 47 50 52 55 58 61
43 46 48 50 53
91 88 85 82 81 79 78
14 15 18 20 22 24 25
33 36 38 39 42 43 44
77 75 74 72 70 69
76 73 70 68 65 62 61 58
82 81 79 76 75 74
65 66 68 70 72
29 31 34 36 37 39 40 43
79 77 76 74 73 71 70
27 30 32 35 38 40 43 45
21 23 25 28 29 30 31
92 89 86 85 83
56 57 58 61 62 63 64
62 63 64 66 68